2000 4
-1641 -6136 6235 4729 1
5475 2440 -3120 -6924 1
-9698 2492 -2902 3832 1
-9048 7290 -2735 4349 1
-2434 -2830 5061 -504 1
-9295 3638 8234 -6723 1
6411 3832 6637 -3779 1
-59 -688 9254 6364 1
6558 2890 9301 -8868 1
-4330 2030 7984 2279 1
-7166 4384 6661 -6463 1
-4635 7071 2887 2142 1
6047 -9030 5379 -8575 1
110 9438 8946 2898 1
-4417 -4475 6458 -2563 1
-9596 -3462 7683 7968 1
-2392 3254 6836 1267 1
8934 1577 5045 -1176 1
1952 8678 8167 -3451 1
6539 3547 5891 1692 1
-4769 -1637 7282 -4490 1
-1057 -350 4900 552 1
6270 5525 -6258 -9225 1
6716 -3148 9846 4145 1
6591 3981 7849 -2771 1
-8994 2941 8870 527 1
-3048 -8445 40 -7682 1
-7495 170 -239 -4815 1
3638 8512 -1730 -5727 1
-2869 8687 5102 -4379 1
4066 -3019 -1266 -6840 1
5877 7450 -2311 -7859 1
-8676 -7225 -5641 -4439 1
-4542 7637 -3021 -1217 1
887 9668 6577 -1634 1
2063 1104 1151 -6267 1
-457 -2293 9792 6017 1
-5564 9005 8061 -6583 1
510 -8717 3324 -7601 1
-6241 9249 2388 -7488 1
-7321 -1259 1957 -315 1
-6630 4258 2396 7791 1
266 3060 -7936 -7896 1
399 9709 4938 -6350 1
-1805 -2948 7791 5366 1
-3189 71 -3472 -1926 1
1812 -7333 -799 -7070 1
4677 -7034 8821 1105 1
-2547 2796 53 -8654 1
-77 -1944 956 -6692 1
7834 8973 9529 -6983 1
-7676 -7538 -9295 -9675 1
-470 1770 6164 5363 1
-4947 -6692 6431 751 1
-7473 6688 -4323 -4115 1
-5099 -5362 479 15 1
-6497 6855 9723 -382 1
-8959 357 8120 -3268 1
-4162 -204 4177 7613 1
-7889 4638 4096 7999 1
-1800 7740 4399 7632 1
-4379 -1546 5919 -9200 1
-5899 -5461 -1509 -926 1
3036 8484 3143 -4358 1
-7075 -2347 5926 -9754 1
-4181 7325 396 6414 1
1042 8364 -981 -2808 1
-8420 -7655 6768 2082 1
-4774 6766 -3320 218 1
-211 -183 8099 2178 1
-4587 5230 9484 -7215 1
-5961 9861 6842 8719 1
3984 -2869 8662 -8291 1
6878 -4599 7834 -8666 1
-5860 5990 -3052 -6094 1
4132 9684 7500 3377 1
-6130 -317 -901 -1866 1
7314 4378 8976 -9310 1
-8990 9846 -2062 -1467 1
-3229 -4335 -668 -5136 1
9194 -1779 4628 -4495 1
-6008 -3153 8696 2559 1
-3288 -692 -6456 -9208 1
6484 1693 7315 607 1
-9972 -5940 4494 4731 1
1476 -12 7672 3088 1
1121 8725 6132 -6294 1
-9873 -902 9601 6744 1
-3483 5126 9689 6939 1
-9884 2753 8985 3955 1
3280 1011 9151 -7780 1
6145 -1885 -468 -9319 1
-4162 -7594 9840 -9668 1
-49 -5016 5142 -1501 1
-8512 -1125 6721 -6768 1
-7804 4500 -9353 -4621 1
-962 9825 -25 -3155 1
2066 5334 6762 8274 1
-1160 1661 9978 -2394 1
2864 8385 3098 -4352 1
-1520 9987 -1997 -8999 1
3193 373 4149 -1859 1
8978 4536 9053 -5144 1
1833 151 3132 -2119 1
-6204 -3243 11 -7764 1
-6513 -2541 3010 531 1
-8186 9580 -9237 -2903 1
-8862 6203 7320 4493 1
-6879 -2723 3098 -2357 1
6221 4740 2383 -4475 1
7925 9004 2767 -3056 1
472 2555 9014 -588 1
-3581 3105 -4754 -5010 1
-9001 -9502 2691 -5242 1
-8006 7201 -5775 -8597 1
-1034 -6151 4173 -7016 1
-3770 -9094 6373 -5729 1
-848 -3710 4665 2770 1
7922 3522 7633 -3467 1
-7631 -1756 -4181 -6835 1
5374 6421 2133 -6746 1
4618 -9193 7188 -1152 1
-7038 -1807 664 -7188 1
-109 -8879 2591 -8094 1
2458 -6161 -46 -6917 1
2816 9142 5767 -6569 1
-5749 4701 7163 8306 1
9051 7042 7552 -9008 1
2755 7075 625 -6809 1
278 3684 -224 447 1
6419 -9717 7241 -6006 1
-5125 392 669 734 1
-7438 8972 -8161 -5590 1
-8403 7161 6128 8862 1
-1745 -1959 8802 1097 1
1849 2129 3192 73 1
-1803 -2753 8442 -5628 1
-6305 -3951 3472 -8358 1
-6748 7882 -1292 -6495 1
-4319 6761 4159 -9284 1
9345 2063 5948 -702 1
-2793 -3433 9598 6175 1
-2292 3941 4818 2032 1
7842 -3812 5800 -7617 1
-1593 3347 -3401 -9728 1
-7496 3230 6714 8950 1
-9819 7721 -6066 -82 1
-5709 6592 4555 9211 1
-5401 8023 -4659 -1718 1
-9685 3900 8544 -8812 1
2071 3792 3178 -774 1
-9399 -7035 -7049 -9842 1
2564 -1189 5217 -1088 1
-5258 3606 -5141 -9404 1
-4361 -1472 2051 -5834 1
4206 1007 5919 -2939 1
6102 3170 3931 -7005 1
-7888 -5757 -3245 -5097 1
-8333 8010 -2847 7515 1
-865 -4133 5720 -8437 1
-2980 -7142 2771 -5943 1
2881 -6193 9862 5703 1
-6532 -5113 2661 -3407 1
-4523 7064 -1558 3652 1
-2967 1046 5925 -6629 1
-9719 1367 -1233 -8150 1
7713 4427 -174 -6698 1
-2510 6647 -1003 -1141 1
-1927 3489 -5139 -5733 1
-831 5734 21 -1249 1
4783 7524 -5103 -8094 1
6514 683 7318 -5574 1
-3014 334 6179 5742 1
-8360 8451 -4361 -6194 1
-9861 -9342 5 -2782 1
-7228 -2643 -819 1177 1
-1182 9699 6988 2429 1
-9242 -6013 809 1372 1
-5430 -6284 -1781 -5305 1
-6991 -6618 -170 389 1
-1842 -1174 7355 -8369 1
3086 2192 -2068 -6924 1
546 -6323 1547 -5874 1
9863 -1117 3277 -7015 1
3721 7556 2904 -133 1
-2810 -82 7994 -5637 1
-8232 9664 6664 -6399 1
7657 -1122 7372 -1423 1
5507 -5868 3215 -6600 1
2239 -7736 7833 1900 1
-9003 97 4598 -5667 1
-4895 -7563 8982 -5349 1
-2913 5863 993 1964 1
-9731 7606 -9682 -5655 1
-9004 4155 9614 3838 1
-953 2129 3384 3309 1
6649 1675 8057 -1123 1
8620 1680 5530 -1966 1
-2141 -6541 8428 1722 1
3842 1347 -1693 -8175 1
-368 1182 4452 -2199 1
1191 -6280 6812 -4357 1
7795 5973 1174 -6019 1
2558 -4275 3017 -2535 1
-6733 -1861 998 783 1
-1966 5117 5440 2110 1
-9608 2325 3587 -6429 1
2355 6451 -546 -4904 1
-4944 7191 -6535 -1657 1
-9384 5219 2995 -2516 1
-1825 3860 -4793 -4132 1
-3766 6517 7589 -7469 1
-1876 3048 5236 -6097 1
8349 -6900 5694 -8526 1
431 7521 4703 6437 1
2750 -3422 6234 -876 1
-1733 1448 2592 -853 1
-5731 -1718 -2597 -3560 1
-7691 8985 7615 -3498 1
-5438 8151 5090 2823 1
-8115 -9008 3284 2538 1
-5767 7646 7903 -7569 1
-3367 3015 1694 -4157 1
6126 7543 -439 -7097 1
-9282 -487 9419 -6623 1
2211 4536 -1647 -8091 1
-8293 342 -4760 -5662 1
-1942 -3188 6523 6638 1
6956 -5610 8952 -1657 1
2388 5796 7859 -2441 1
-2976 2909 7651 1019 1
2610 7100 1815 -3542 1
-2374 1788 9204 -7886 1
1176 -8302 5023 -8551 1
-8589 9115 6419 -7874 1
-1220 1541 5422 -8391 1
-18 9290 398 -5104 1
9534 9312 8211 -897 1
-7841 9896 1829 3603 1
1033 2070 8052 -8870 1
-7255 7682 4622 961 1
651 1825 -2989 -5211 1
9013 -5143 9320 -6464 1
3238 395 6668 3791 1
-1299 3011 8036 -698 1
-1241 3560 -7270 -5862 1
-745 8050 -1388 -2304 1
-8456 6783 -126 -3318 1
1131 -299 6914 -5633 1
-8844 4491 1926 -8778 1
-9059 338 3681 -4632 1
975 1623 -2798 -9693 1
-9542 6016 -8942 -4613 1
-1699 8087 -8693 -9699 1
-2460 -7226 7181 -4320 1
-8849 7307 -3438 -3137 1
-7592 -3602 9475 -4052 1
-3855 -269 9047 3968 1
-9323 -6566 8939 4172 1
9078 1260 1105 -7573 1
5651 9660 8865 4749 1
7186 -119 8464 2991 1
167 -9519 9812 -8497 1
4994 4993 1651 -2393 1
-8222 -6355 1676 -9731 1
-7321 769 -6071 -7828 1
6521 8811 1987 -87 1
-2641 -2021 2933 2431 1
-9952 69 4558 6316 1
6047 407 9785 -6345 1
9124 -422 7959 -952 1
6119 -6232 6422 -2772 1
6884 6849 6756 -4656 1
-5749 -429 -8416 -7761 1
-9310 -7831 -8197 -9706 1
-8857 7628 1113 903 1
-9385 -9711 8319 -3074 1
9062 8045 7090 -1762 1
-8041 -2181 8198 4832 1
-8841 860 705 3329 1
-6076 -9475 8434 -3936 1
-2630 -4215 -32 -6795 1
-8073 285 -5206 -7941 1
-7074 4501 -3438 -2535 1
-624 -1738 7276 3856 1
-1988 6035 1263 -4146 1
4307 -925 7442 -44 1
8574 -5846 7975 -5101 1
-4530 4998 -5011 -5570 1
-4953 8022 1576 4736 1
-6479 -4894 350 -7732 1
-3879 5715 7518 -8854 1
-8464 -3719 1666 1996 1
6638 1643 6503 2273 1
-8930 -1123 -3113 -7955 1
3205 -1993 1788 -8379 1
-2405 -479 8628 -9776 1
2088 6586 -1266 -5384 1
9033 6770 5565 -4007 1
-7569 -925 -3275 -2498 1
-5337 -5622 -3176 -9305 1
-4639 5916 1891 -3972 1
-3567 9714 1221 -4593 1
2019 6383 8323 1453 1
-1729 35 5978 3631 1
-9607 -349 -4679 -471 1
-8407 -6205 4138 4111 1
-1614 -4351 574 -5320 1
4721 -5083 5766 -2040 1
-8762 -1886 -7411 -7689 1
-8737 7019 6618 5456 1
-4415 8452 6292 3031 1
-9566 2649 8110 8423 1
4346 -2217 7913 -51 1
-7108 4479 1701 -3602 1
-4712 -5587 4491 -8523 1
1930 8591 1050 -4317 1
8638 6070 5673 -9725 1
8873 -2333 9971 -8053 1
4553 -4641 6697 -3172 1
-5686 -4086 7376 98 1
-2323 8167 4006 5338 1
5008 6727 8093 194 1
-4436 7037 6623 120 1
4727 7473 4496 1920 1
-6811 7638 2700 -5500 1
4712 7104 9451 -8806 1
-4313 9592 -1045 -4088 1
-9096 8234 -8015 -7872 1
-8237 5345 -883 3415 1
5248 856 6629 -6853 1
-4619 3149 7729 3999 1
-5217 1468 -5503 -3659 1
-2628 -2918 4877 -4896 1
-6611 -6626 3934 -8276 1
540 -820 3043 -9535 1
2699 5962 4594 -114 1
-68 9045 2681 262 1
2916 7573 -2852 -4557 1
-1961 -8308 517 -7983 1
1781 1848 9669 9507 1
275 3024 2602 -4245 1
-9725 2737 1475 9800 1
2606 -3323 -376 -6862 1
-4601 7625 -4740 -5193 1
-6073 4485 9168 7109 1
9881 397 9487 -5507 1
-9320 1752 -4293 -2584 1
-2298 6285 9414 6015 1
-7874 2571 5571 -9022 1
-3245 -9834 -37 -8618 1
-1251 7006 -3793 -7644 1
-6530 -6390 3117 875 1
-6565 4595 8899 7129 1
4294 2061 7990 -3251 1
4968 4444 8605 -6874 1
-8224 -4353 7278 -9751 1
-8547 4097 -874 3614 1
-5648 -2276 2267 3590 1
-1957 -5918 4312 -5126 1
-9374 1975 -5742 -5069 1
-555 -9188 5479 -9122 1
-6990 5395 7830 9750 1
2897 9728 7856 3439 1
-2076 7150 2448 5650 1
395 4348 -6173 -7796 1
-3096 9394 2102 -6580 1
-6848 1630 -6536 -3581 1
-6359 9362 -7132 -9882 1
6790 4151 -2316 -7003 1
-8659 9505 -9050 -930 1
540 5654 4472 7499 1
-8206 -1189 6833 -4304 1
-6205 1784 -1507 136 1
6445 -5479 4914 -8755 1
4607 5390 8670 674 1
7360 1264 9302 -8568 1
-8600 -6156 8190 7360 1
-5078 -2531 -2878 -7061 1
6506 1564 8439 4265 1
-1869 -7720 9531 -1321 1
-8136 -9286 4152 -748 1
5553 3826 4304 -7775 1
-5143 -4137 -2594 -2481 1
-4921 7071 2499 -6487 1
-1398 -459 -3166 -5648 1
-3416 6909 943 -6777 1
-6200 -4174 6269 1747 1
3823 -9219 3084 -5363 1
3838 -1336 6670 -6507 1
-1490 -9197 8401 -6819 1
2149 4883 -1319 -6896 1
-5741 8353 2825 6121 1
-7973 3453 9685 -7246 1
-1812 -8700 4887 -7254 1
-379 -8703 1391 -8609 1
51 1615 89 -7025 1
-4392 1639 7244 -1810 1
726 9760 -2375 -1863 1
577 -110 9262 -9842 1
-2797 -507 6762 4610 1
-2433 -6073 7157 5191 1
-4507 5014 4179 7706 1
-9655 4461 -8610 -3240 1
-7479 344 4817 -31 1
-6253 -1918 -6360 -3673 1
-9710 -2660 -5465 -7945 1
-7224 6956 7668 -1448 1
2631 3240 7371 7321 1
7475 5253 -859 -7099 1
-4103 5706 8442 2910 1
-5638 -3175 7233 -9159 1
-2828 442 3006 -8661 1
3384 9445 5558 6469 1
-3633 -31 2462 -183 1
6971 -9250 8664 -1259 1
-3750 7559 7068 7485 1
-8697 9240 4094 5561 1
-4258 -2853 8557 5357 1
-6467 3265 -2661 -7920 1
-5835 1073 6584 5560 1
3746 9210 6192 -8006 1
-8785 -933 9314 7170 1
977 -5746 8738 -4524 1
4086 211 4509 -2026 1
-9187 8531 -7232 637 1
-7345 -4415 4926 2189 1
3071 4839 5469 -6632 1
8439 6016 8433 -7268 1
-8807 -1193 189 -4222 1
7617 5643 1056 -9441 1
6780 -3506 2901 -4983 1
-8662 -4290 495 -9846 1
4883 7643 7256 -4673 1
-8748 3847 -2721 -1570 1
7011 4349 -3811 -8670 1
1043 8507 -9216 -7434 1
-4744 7804 6673 6640 1
3028 8072 2340 -616 1
-2131 1759 7767 7849 1
7404 -2609 -1325 -9342 1
-7625 -1372 2774 -4742 1
-9485 -4778 5845 -6378 1
-8139 -4344 -7766 -6893 1
5350 7997 5346 -9181 1
2525 2750 -495 -7292 1
-2488 4464 8384 1453 1
-1266 -3884 -5056 -8268 1
825 1524 2337 -7795 1
9432 418 8871 -4196 1
-5238 -6245 7416 -3304 1
-4706 -3337 -200 -4373 1
-5468 3106 3951 6029 1
1497 -8883 7440 -7535 1
-9201 2063 -1847 -4899 1
-3004 2983 4538 6717 1
1075 5794 1164 -7341 1
-3635 5092 3182 7756 1
-2089 -7667 247 -5595 1
-5960 8529 -9426 -9622 1
8254 9519 3385 1412 1
-4246 3255 -8669 -5308 1
-644 6923 3466 -4554 1
7665 9445 3502 -5200 1
-7408 9831 9278 2876 1
-1464 2840 6030 -8901 1
-1016 -5909 -1629 -9710 1
-6081 -6498 5335 -5040 1
5265 -2107 -2212 -8639 1
-8773 8974 -6263 -8564 1
-6262 -8361 2765 -2676 1
-4782 7574 8813 6035 1
-4377 1544 9817 3044 1
7982 -5 9379 -1662 1
-9210 1995 4625 -6906 1
-5383 8292 -2693 -9756 1
-2461 5811 1759 -5830 1
-322 6881 444 -3476 1
-7036 6924 -955 -6724 1
1984 700 1382 -1748 1
-1570 5800 9529 7564 1
-9477 1206 -9450 -4280 1
-3417 -1494 -2460 -7605 1
3964 2093 2135 -3788 1
-6541 -9850 2855 1111 1
1576 -7541 4329 -2691 1
5467 1343 -732 -9041 1
-6520 9488 7404 -8237 1
-4395 -2616 7547 4395 1
-370 3871 3058 -9850 1
-3195 5537 2904 6180 1
-2956 119 8269 -8814 1
6853 -42 5598 -5629 1
4301 927 7085 525 1
2690 4482 6217 -4478 1
10 -8684 3616 -6434 1
-2088 1611 7011 4240 1
-2108 7050 -7258 -8929 1
975 -9376 4536 -9145 1
6293 2792 7742 -6347 1
2452 -567 4292 -8365 1
8868 5956 9659 -3342 1
-8932 -1478 -7204 -4109 1
-1721 4708 4245 10 1
-4247 -1663 7984 -3158 1
-9674 8585 6492 -264 1
-9910 2507 1138 -6827 1
-1584 -4693 9590 -3449 1
-7620 -4271 8924 2359 1
-6999 4809 7696 7840 1
-2826 -3797 7600 -9280 1
-6546 -2837 -966 -4471 1
554 -2802 -4665 -8924 1
1685 -5363 2772 -7995 1
-3178 4872 77 -8680 1
4138 4136 3882 2014 1
-8298 4213 9925 -3411 1
-6307 -2489 5654 2572 1
-4334 -5639 -2787 -6859 1
1367 589 6573 4401 1
-4536 2400 5868 8457 1
-3963 -8775 6504 -3497 1
6064 -4327 9767 -7888 1
-5172 7968 -1495 -7861 1
2838 898 8587 -3990 1
-4707 5292 8774 2230 1
1537 -4880 4987 -3414 1
7903 5639 7563 -753 1
-2778 -737 -6532 -7114 1
-2562 3908 6779 -2981 1
669 3754 -2004 -6550 1
-4661 -9434 6857 6252 1
5902 2086 7998 3977 1
-9057 9462 4285 2754 1
-8584 -3455 341 -8828 1
2518 -6956 6792 -5955 1
-7674 2567 5858 2014 1
-3100 -8766 7361 3414 1
-2772 5763 -3522 -4467 1
-2243 -3541 7372 1095 1
-212 5645 8823 6577 1
-2292 -3018 -772 -5960 1
4593 3282 50 -4321 1
-4037 9697 5153 626 1
-8796 -1285 9453 7218 1
-1102 -7843 -1811 -9611 1
-5739 3544 1385 -1153 1
3 3737 -1867 -2482 1
5564 -5112 1472 -7457 1
-4942 -5650 3141 -5450 1
-9756 -5236 -9715 -7910 1
4949 4183 3029 139 1
-5619 2836 3962 1797 1
-2465 -8259 6367 -8044 1
-9753 -7406 9461 5179 1
2729 -2709 9450 -929 1
-3992 -2850 -4707 -7031 1
8356 7577 4680 -7286 1
4135 8732 1678 -4591 1
-4065 -6669 1609 -3946 1
695 4102 6929 9617 1
-7683 -3767 3489 1392 1
7261 6293 1357 -6088 1
-1292 9313 -6341 -4111 1
8292 4818 8674 -1879 1
6150 1792 6484 -439 1
-5745 6676 -2359 4025 1
7436 7062 -3934 -7968 1
-2213 -2174 7266 7251 1
3460 8296 3599 -4586 1
-1269 -2476 1823 898 1
204 -162 2770 54 1
2614 5810 -345 -6071 1
-7588 -3165 -5967 -9691 1
-3939 9881 2934 2289 1
-9538 -411 -1206 5537 1
-6070 -2985 4632 2716 1
-5356 -7772 6769 -4765 1
-8526 9077 -3048 6475 1
5111 8913 5526 -1106 1
-1666 -1868 3493 -9010 1
4068 3045 -2615 -5543 1
9786 2821 -1206 -9740 1
-7995 -5127 -6809 -4575 1
6986 5973 4191 -6365 1
-8115 1754 428 68 1
-8820 35 4785 -8968 1
1277 -679 8312 -3033 1
6763 1083 8199 -7057 1
587 1107 5435 -4513 1
-400 -9104 -1306 -9422 1
-8935 3427 5469 7770 1
8068 6920 -329 -6948 1
-8294 3885 -4957 1500 1
-3506 -7287 4956 1855 1
-6369 9414 9857 854 1
-6696 -3331 9738 410 1
-4800 -4740 827 -7326 1
-3163 -391 8252 9116 1
-7843 6079 8516 5115 1
7150 7208 5564 -4287 1
-4192 -5084 -3203 -5596 1
-2008 4990 -5476 -7221 1
5873 6596 7959 2766 1
2922 3897 7834 6515 1
-5891 -3518 2387 -8847 1
-7974 1388 -2597 -4884 1
-638 9424 8641 6048 1
840 -4983 9704 -7887 1
-9015 -7540 -7138 -5704 1
-3439 -4806 3428 -7373 1
930 6456 -6671 -9663 1
-8284 -8562 -559 -4777 1
-9200 347 -9219 -5152 1
8736 6209 6354 -3713 1
-7464 -5710 -641 -9012 1
-3590 8603 1980 -4409 1
-6708 -3161 4420 3095 1
-9747 -370 5380 5361 1
-2579 -5484 4178 -3493 1
1950 6101 -2533 -8406 1
-1951 -6233 1901 -7813 1
-8603 -3034 4154 849 1
3338 4725 4476 5087 1
9515 4715 2161 -8714 1
-6452 3602 -3446 735 1
-6621 -9828 -2683 -3496 1
-6252 -9515 1401 -4940 1
-6318 -2592 9642 1509 1
-7977 -7309 -2089 -4372 1
3137 9257 1540 -7304 1
-8780 7924 4923 8795 1
1588 -567 2193 782 1
-3713 314 -3400 -6336 1
-4519 3782 3818 8541 1
-1712 9892 -5768 -6959 1
-3973 4850 3947 -9445 1
-5263 4 6721 -5460 1
6628 6239 6964 -8535 1
-7972 -452 -1500 660 1
-8199 -2846 354 -6816 1
-4629 -108 3530 7026 1
-5303 -7400 7155 6245 1
-5099 5091 3312 740 1
-759 6338 8177 -7455 1
-3275 9951 9497 1920 1
-5648 3915 -8510 -7555 1
-5045 -2375 916 -7703 1
8133 8436 9262 1968 1
-4430 3763 3432 -26 1
-1706 5969 7374 -5099 1
-6011 -6367 531 -5291 1
-4940 6188 -4892 -8007 1
-3792 3061 959 -1520 1
487 3263 -443 -1935 1
-6437 9749 -1535 -9444 1
5099 -336 7897 -836 1
2214 -5267 6129 -8111 1
-6578 2415 4563 258 1
-9773 5295 -2293 -5530 1
-4369 -776 1289 -2815 1
-3201 -7993 9788 4893 1
-960 5187 5105 5393 1
1967 3999 3859 -7763 1
-6593 2569 7863 6380 1
843 -5328 -3345 -7756 1
-1208 6281 5943 5355 1
441 5253 7813 -7375 1
-6947 -5263 2527 -6845 1
3885 8250 -2848 -5195 1
-9874 8344 -6314 -6676 1
-7554 3562 4782 -163 1
-908 -5375 -1324 -8573 1
-6899 -4544 -8832 -9852 1
8005 8542 3165 -5997 1
-2130 6547 5928 2797 1
286 -5795 -547 -5437 1
-5369 -5223 9283 -2235 1
-2182 2420 -1263 -9121 1
-1953 4041 -1579 -5765 1
1465 3270 4481 1952 1
2342 7590 -9076 -8430 1
-9358 1467 -7474 -4115 1
-8574 -421 4534 7819 1
8155 4851 9507 -762 1
-5124 -3497 -3545 -4052 1
2833 9202 -91 -4072 1
9780 1692 -2440 -9906 1
7716 -4611 4897 -5878 1
-3834 -1569 -3016 -9794 1
-8101 -8808 5051 -676 1
-2711 7154 -6403 -7444 1
-8976 4280 -4859 -4373 1
-5817 7807 7102 -8272 1
-2470 6842 374 -6343 1
2149 6446 -3968 -8136 1
-9034 -1433 -1883 -8992 1
-455 5802 9604 6362 1
-7437 -1913 -2352 -6883 1
3323 -3061 5202 -5524 1
-3546 -7399 4218 -7617 1
2489 -4955 8690 -2007 1
-121 -1603 9720 6763 1
8792 5695 2660 -6155 1
-6440 1784 4887 5795 1
2934 -3042 9218 928 1
-5075 -1203 655 -3581 1
-8585 -8197 5021 -5604 1
4885 6350 6692 -3009 1
-6105 414 -2675 1196 1
7409 -7088 2735 -9042 1
6917 2996 9733 -5205 1
-6944 7148 -2437 -3461 1
5940 5499 2409 409 1
-1494 -6745 3329 -6260 1
-7325 8483 -7394 -2709 1
1050 2644 1256 1655 1
-1780 -2084 3431 -5498 1
-2532 1484 2477 -7663 1
3698 2369 -1386 -7597 1
-9534 7290 1873 3886 1
-2253 1508 5262 860 1
1968 -2660 8511 -3956 1
4576 1725 2052 -8723 1
-4019 2738 7427 1578 1
1392 8095 8717 3396 1
1767 8628 7816 -7267 1
-8975 -7322 592 -1992 1
-5889 6195 4290 5705 1
-352 -9628 9901 -1804 1
7833 -6101 9566 -7008 1
7499 8317 1969 -8902 1
-2356 7665 8365 -5035 1
-9285 2481 -8626 -5658 1
928 2556 8190 -7621 1
-3222 3991 5859 -7900 1
2386 -9569 2828 -7521 1
6186 5899 2047 -5085 1
5026 9393 2135 3004 1
1386 4199 8241 -6850 1
-2133 -3423 7334 -4633 1
7991 -7246 6715 -4710 1
939 1406 3885 2181 1
-3255 -9951 9046 6356 1
-5710 -4147 2489 -9934 1
-2845 3334 -3799 -2021 1
-4474 -4645 6798 -5178 1
6378 -7100 4663 -4011 1
2803 -3163 7865 -3085 1
4164 7222 6723 6781 1
9770 5449 2264 -6553 1
2334 -367 6650 2044 1
-7199 -1659 3767 -2688 1
1296 3158 5214 3660 1
-278 9072 4792 3948 1
-124 2259 264 -1503 1
-2551 4862 2922 803 1
-8749 8951 -3103 -6877 1
-5531 -1902 1521 -5285 1
6406 4648 3078 -1784 1
-9587 3655 348 -5311 1
-3106 3105 6721 8084 1
-7045 5343 -3074 -6311 1
-3387 -3813 9761 -7990 1
1148 -3554 5687 -814 1
-4145 7961 6300 6563 1
-2339 107 4699 -3071 1
2554 -8553 2956 -7104 1
-5617 -2088 3584 -7928 1
5197 960 4511 -9465 1
6117 5988 -5652 -9128 1
1144 1878 4587 141 1
-7419 -8099 6999 334 1
5483 -2079 9980 -8605 1
-8860 -9526 5642 5030 1
-5450 -787 255 204 1
9235 7666 1130 -8833 1
6473 7400 -2702 -9889 1
264 4963 -6366 -7885 1
3975 1576 -1731 -8619 1
-5412 6540 6 2278 1
1253 3082 -4134 -8281 1
4262 6074 -5407 -7931 1
-8983 8291 7497 5705 1
8712 9652 7648 -5659 1
-2175 -8540 7631 -118 1
3568 8747 5180 -1573 1
8669 1427 8092 916 1
6915 1975 8575 -8888 1
2170 -1707 -2032 -7835 1
-1493 -409 6832 -8892 1
-379 5669 5786 -4638 1
-6968 9237 7381 7938 1
7134 1121 -629 -7835 1
-4443 -5238 4196 288 1
-3455 9851 5238 -3935 1
-9971 -3373 -8339 -9425 1
-7494 2676 1847 4323 1
-6311 2112 2265 8108 1
-6920 432 6056 -9874 1
-7379 4190 9704 9328 1
-4848 -5246 834 -3752 1
-5378 6116 3544 275 1
-9804 1978 2211 1880 1
-7375 2576 -5682 -8812 1
-5363 -8381 117 -1332 1
-5501 -2137 404 -3092 1
3574 -435 6809 -3035 1
-8134 -7678 9751 7185 1
6831 7698 3898 -1201 1
5403 8317 4451 5256 1
-6515 -168 -2488 -8541 1
-7165 -1446 7042 -104 1
-7404 -5172 6385 -5731 1
-4342 -9197 7533 -9977 1
-7991 -7734 7687 1831 1
-7461 5061 4892 8575 1
-9421 -969 1662 4701 1
-7366 1376 -7890 -4269 1
2933 -3654 8653 -2662 1
7158 6081 9552 -6625 1
-6811 -170 -7105 -6182 1
-543 6591 4392 7455 1
-8889 8618 2985 -5739 1
6044 9102 599 -1402 1
-6017 8936 -516 4279 1
619 5149 3331 -7337 1
6708 9080 5351 -8821 1
879 4512 -858 -1009 1
8705 9445 7837 -2014 1
6569 7858 -4529 -6303 1
-1749 8881 6851 -90 1
-9349 936 9807 2594 1
-1594 3419 7711 8908 1
-6117 -1237 2394 -8946 1
-6984 7836 1279 -7552 1
2847 5397 5706 -4850 1
2841 2629 4829 -9489 1
-2046 7613 -5716 -7599 1
-8571 5938 3712 -5714 1
-7155 -4644 9514 2560 1
6157 -1352 4719 -9263 1
3762 -8854 -334 -8390 1
1372 -3463 1217 -4072 1
-6909 -4936 69 354 1
6155 9413 8797 9632 1
-9723 9536 8727 8427 1
-2841 -5652 4324 -4211 1
-6415 8605 -6309 -239 1
-4246 1528 5484 6305 1
7265 -4740 9270 -1240 1
664 -1978 9990 8225 1
-2806 -1390 -4708 -5704 1
-8138 5166 1686 -5773 1
8359 2395 6332 242 1
179 -8591 8666 1604 1
-9926 -9925 8803 -4132 1
-7823 6779 -5479 3130 1
-3960 4347 9882 -6895 1
6892 -1074 5703 -4030 1
-7454 2981 -4715 -4022 1
-2646 -591 -6493 -8386 1
-2946 -9589 4491 -3719 1
-1369 5346 -2375 -7297 1
-7864 -2954 9681 -5405 1
-1852 -2151 7884 1832 1
6821 -3516 4741 -8945 1
-6764 -4289 3470 -5787 1
-4649 4137 7657 -1936 1
-1188 1349 9615 7614 1
-3350 -327 9432 -2241 1
23 8228 -4148 -5874 1
3542 412 7857 -680 1
-9060 421 5634 -8337 1
3272 6189 7656 8076 1
-3366 4665 -6488 -3691 1
-4252 -1553 9817 -1392 1
-9753 -7795 2663 -9399 1
-3729 6554 905 -1023 1
6719 2938 3173 -8191 1
-8019 -522 1592 -2320 1
-3565 5063 8303 5407 1
5378 -8763 7949 -3737 1
-6139 532 -186 4025 1
-1269 8014 9164 2273 1
-6490 1783 3922 6596 1
3894 4785 5699 -2677 1
-6779 -4207 6942 9515 1
-7233 3144 3070 -1284 1
-3728 6128 8790 1719 1
-6300 9329 -9593 -2221 1
-7206 -4687 2910 -6787 1
-8316 -3052 1300 -4101 1
-4297 -472 8490 -6220 1
-2324 -9514 3707 -559 1
-4858 -5221 8993 -5626 1
9923 739 7960 -3765 1
-5968 956 6173 -3380 1
236 -8716 9803 -3747 1
-4222 823 6579 -3757 1
9083 8620 -1170 -4148 1
-9914 6496 -62 2543 1
7669 2648 3248 -7918 1
-1229 9891 4464 -4767 1
-6587 4127 -2896 -1414 1
7506 7524 -2242 -5675 1
-6954 -4460 -4084 -3722 1
-8036 7734 -2141 7106 1
-4212 -8944 6888 2664 1
-8001 7202 774 -1505 1
-4955 5568 -3560 2781 1
7796 9982 5318 -4151 1
-2583 6854 -8046 -4611 1
3474 4854 9074 -9966 1
-3509 -8478 8562 2994 1
-7585 7248 3182 -9809 1
-5361 -2626 3089 1113 1
-3178 -6644 2748 380 1
-8924 9614 -7488 -3381 1
-9977 4280 -2951 -2721 1
-4779 8001 -564 6922 1
5142 -3908 8764 2801 1
-3705 -495 382 -6234 1
-8317 8203 2585 1649 1
-1245 -8093 8956 739 1
-6285 9448 -5992 -7334 1
4037 4107 6655 -7191 1
-4482 8869 6142 6361 1
9912 6640 3587 -377 1
-3958 7389 -7043 -4539 1
-4413 3347 -4487 -3012 1
3820 -1715 1118 -4974 1
-9625 -2433 -4407 -416 1
-8136 -6328 -2603 -9005 1
-8893 -4294 9709 -9379 1
7608 4404 3877 -5197 1
6232 8299 -847 -6002 1
-6976 2136 1666 -6244 1
6518 4753 -1000 -8873 1
-8176 8091 -1051 1098 1
-8769 -5313 4969 1510 1
-4932 -2424 9576 2171 1
-6913 -3672 -2433 -8609 1
3567 1205 -5277 -9586 1
5279 9564 -2905 -8015 1
-463 -4378 9466 -427 1
114 -849 9081 1876 1
-5336 1798 -692 1522 1
9563 7265 9394 1674 1
-8272 7169 -8136 -7039 1
4225 1105 7222 1688 1
-642 2657 6931 7871 1
-8150 4908 8361 3443 1
-9991 8913 -5944 -238 1
-2163 1891 4681 2009 1
-514 -5076 -907 -6645 1
-5774 6021 857 7944 1
-2393 1546 -8763 -8175 1
-6147 -3976 6285 4906 1
6662 -6943 3310 -7996 1
-9633 9488 5038 -2052 1
-5118 -4871 1593 -8165 1
-6983 -8853 4681 -5500 1
-6489 5680 -5130 -1670 1
-6222 8188 -7245 779 1
-9630 8623 -7843 -1052 1
8711 8032 -3939 -9526 1
7912 2118 9505 -354 1
6518 1973 8104 4068 1
-2744 3671 2348 -8310 1
-8325 4175 9317 -900 1
-4783 -3510 -3986 -7348 1
-5932 -7720 -3055 -3188 1
6019 4408 853 -4169 1
5068 7355 8273 -9752 1
-3577 -856 1692 1776 1
637 2095 9873 4436 1
5166 -6383 8088 -8833 1
-6917 196 8491 -5166 1
4099 1839 6959 -7275 1
-4626 -2152 8754 -9965 1
2771 3444 6700 2393 1
-768 6862 1683 -3760 1
-5410 7646 -233 7772 1
-6894 5971 1477 2993 1
-5508 -3989 6822 -7742 1
2852 1638 9254 3574 1
-4295 3333 9443 -1007 1
-2349 9362 2285 7026 1
-9734 -407 -573 6422 1
-8725 -1121 -6236 -7125 1
-8315 -7819 6313 -5567 1
5951 5141 2761 -2592 1
-8260 3603 -4443 -8272 1
-9434 3277 2055 1824 1
-9125 5973 -6602 -3827 1
-6405 -1403 6927 4297 1
-8560 5044 -2905 -8568 1
3158 -7980 9875 -1178 1
-4482 5104 -7869 -9622 1
5987 -9071 2774 4181 0
9905 -9930 4595 -1272 0
-2503 9371 -6650 402 0
-8997 -9268 -9166 7742 0
6247 8117 -2362 1328 0
-3908 -287 -6038 902 0
5737 -2045 3248 3577 0
7957 9954 -9812 2573 0
6794 -5764 6997 8395 0
-3266 3963 -8160 5765 0
3580 1341 -9948 7645 0
7699 851 5013 9657 0
-9083 -2476 -4193 8048 0
9152 -4076 -6998 8057 0
-1634 -8936 -7691 -7272 0
-9453 4844 -9522 -785 0
-1822 -1197 -6412 -3950 0
1287 -487 -7722 -4512 0
224 2667 1251 3793 0
-3838 -1532 -6436 -1694 0
-9317 -2614 -9414 3020 0
-5200 -8842 -4749 4604 0
6928 4774 -2686 7168 0
3969 -8073 -215 -5881 0
-9722 8374 -8757 9353 0
6675 -8773 2386 -3433 0
1369 -6755 -3257 8789 0
4187 9380 -3639 6134 0
-6578 2782 -298 6519 0
6378 -9436 661 3184 0
-780 -9407 -4856 -3418 0
740 8460 -5571 1112 0
2427 7945 1268 7509 0
2460 -5172 -5903 1171 0
8704 8032 -2669 8546 0
8496 7508 -6254 5001 0
-917 -6469 -8500 -309 0
-9594 -9523 -6995 3551 0
-6228 -8688 -3842 -2147 0
9229 3796 -4690 -6213 0
4776 -4515 -2089 -4791 0
-365 8030 -1696 5631 0
305 -6718 -3196 402 0
-8701 -9106 -9655 -315 0
9549 494 4741 2822 0
1660 -1510 -3996 7748 0
724 -3878 379 8973 0
-1968 -2785 -9332 -2012 0
3166 -7629 -1216 8062 0
-5861 -3225 -5357 7875 0
-4826 -8408 -1896 -1723 0
4855 -9643 2967 1098 0
3654 8698 -9380 -7957 0
1631 9008 -5468 9450 0
4363 -2603 -2188 256 0
6223 5691 -2625 3509 0
2361 -4223 -4895 -1788 0
6222 2898 1403 2583 0
7177 -7037 -1638 -6688 0
-1233 -7256 -5441 -7312 0
4584 -2103 2529 4186 0
3017 -4601 665 4357 0
2415 8330 -9868 -3779 0
7772 -3431 -1046 196 0
7871 1697 6083 3762 0
-6131 8656 -9566 7868 0
-287 -5524 -7536 6397 0
2247 8763 200 4326 0
2372 2531 -3318 8249 0
3401 6 -4419 4726 0
7399 -3532 1778 7243 0
3337 -4885 3020 -1144 0
1451 -1330 3473 7834 0
5878 -4441 5307 6723 0
9354 3848 -7714 1639 0
6619 -4703 -6950 3171 0
7305 -3193 -2226 943 0
-1183 -7753 -7546 7145 0
-8370 -4476 -271 8227 0
5848 -1495 802 -2715 0
-1182 -3777 -7623 -4572 0
9866 -1415 5054 7256 0
-4674 -5457 -5474 4441 0
6134 -6724 -3880 -8526 0
1222 -1002 -6131 -4341 0
-2407 -2275 -705 5158 0
4802 -1549 818 6264 0
9452 -6364 -2992 -7416 0
-8485 -9494 -9828 5742 0
7780 -8128 8506 2436 0
-1671 -5740 -7394 5168 0
-58 -9526 -8837 7596 0
808 -1219 -1485 -2034 0
-1957 -8027 9266 9350 0
-4256 1457 4041 9837 0
8359 7111 -8007 1575 0
7577 3898 -7703 -1247 0
-5051 -8076 -3336 4029 0
-8528 -8269 -7010 6805 0
247 -8685 -5850 7416 0
-8912 4528 -5799 2950 0
-1447 264 -5739 -1470 0
3921 -1959 6474 8258 0
-3269 817 1098 6690 0
-453 -4854 -3447 2136 0
3419 1318 -5859 8839 0
-7874 -8572 -153 7488 0
1555 -1065 660 7043 0
8780 -7744 4806 -837 0
5719 4882 1933 2470 0
5224 9604 1156 7437 0
6632 -4501 -9047 -5138 0
-3304 -1424 -7811 8718 0
7249 -7427 -7614 -2876 0
7433 2476 6853 5961 0
9157 3946 -8685 1529 0
5023 -9790 -3781 -190 0
6794 341 7794 8743 0
8068 -742 7224 3482 0
7762 6970 3380 9752 0
9041 85 4829 -107 0
2211 5776 1028 2730 0
4948 -6182 5851 1617 0
9320 -590 3531 -1548 0
6836 -586 3788 -1032 0
-2488 -9143 -6616 -1702 0
-4897 5722 -6757 3079 0
-3858 -9901 -7078 4015 0
3825 1361 -8458 -6619 0
8116 3751 -6112 -1305 0
4657 -358 6641 6318 0
7588 -543 6138 7852 0
-1601 -3600 3361 8378 0
9612 -8085 7459 9956 0
6691 -5122 3560 -1147 0
6100 -2974 6344 2049 0
9629 5419 -2081 1089 0
-4227 9849 -4062 9024 0
815 -6120 -5808 -5408 0
-1596 -2626 -7115 7657 0
-2586 8457 -3465 6483 0
8599 89 3837 737 0
8810 -8655 1371 -7464 0
1855 -8978 -7433 -5444 0
775 -1033 -9739 6884 0
8896 7293 5584 8496 0
-4260 -2116 -2954 4242 0
-1005 7890 -9345 -1794 0
7851 8203 6626 9033 0
-420 -4764 -4901 2509 0
4409 3293 -6137 9694 0
-5243 -1160 -323 9782 0
2436 8413 -6685 5058 0
9851 5139 -8254 -6749 0
5426 -8774 -9980 -8621 0
-6358 9248 -5426 7382 0
-4801 -6185 -8670 280 0
4250 3597 2331 1756 0
9977 7007 -5269 -8163 0
9097 -9290 5738 -3144 0
6143 -3650 4156 4438 0
3070 7762 -6054 8725 0
6000 -1268 -5896 -5088 0
-9140 -7555 -4004 5034 0
7621 2806 -9825 7830 0
1223 -2163 -7507 7576 0
8280 -4726 -4245 2311 0
9181 -9293 6814 -2893 0
4006 -2277 -8674 6898 0
8580 -8415 2681 -7061 0
6990 -2162 -9601 -9316 0
224 5284 -888 3618 0
-4537 9496 -5635 8405 0
3685 8148 -4507 2960 0
1797 -5036 -1498 8576 0
-841 -4260 -7258 1814 0
1014 -5323 -1530 -1643 0
8530 5328 -9558 -5116 0
7794 4065 -2141 8928 0
-3582 -7294 -7471 -4983 0
3673 -5495 9367 9560 0
-2095 2507 -5431 -639 0
-2623 -240 -5287 1395 0
6853 -204 -3156 5187 0
-6615 -6313 4264 9219 0
3004 -6016 -3047 2578 0
-9880 -6038 -3395 8439 0
-1229 -8764 -4502 8166 0
6478 -2361 3450 -1031 0
3802 3060 -1087 6187 0
-6797 -5753 -3883 8335 0
-9479 4875 -8530 6006 0
-2021 -6918 -7473 -8602 0
3850 4477 -3813 -4323 0
9508 6450 -3774 6704 0
-4207 -5160 -643 5374 0
8529 2986 -6985 3106 0
6769 8758 -127 2924 0
8095 5636 -9428 3987 0
2813 7034 -9225 8863 0
9063 -6280 -8789 8803 0
7353 -9528 -6692 881 0
2130 9095 -7569 5891 0
6387 7829 -9888 -4733 0
1798 1188 -1487 9951 0
2075 -8767 -7920 -1917 0
8802 -7264 -7545 -4416 0
-3099 -6761 -919 5743 0
7815 -7538 8046 337 0
8252 -8668 9280 7232 0
3913 -3958 -3530 -2370 0
-6239 9250 -5738 9226 0
6589 -5987 -1264 5019 0
-3567 -8188 1840 4947 0
4516 -537 -2036 6073 0
6578 2170 647 2845 0
5533 1911 -9240 5970 0
3769 -3600 6851 6199 0
9922 8469 8035 6420 0
9783 5440 -4580 -1209 0
9903 7686 -1508 -1631 0
6646 4555 -3146 5598 0
997 -5254 2580 4332 0
-1617 7731 -8229 42 0
2411 -9509 633 1081 0
120 9307 -8370 -3165 0
-5793 -356 3424 9905 0
1167 -2379 -9108 -4003 0
-374 2387 3777 7250 0
5121 -7568 -3479 3360 0
-2410 9919 -8616 -2110 0
-3113 -5019 -194 1800 0
-4400 -5203 -8978 2150 0
4320 8151 1204 6817 0
4075 -9629 182 -7167 0
9846 -1327 4313 2214 0
-2445 -8223 -6641 9560 0
-2848 -9896 -7975 3859 0
5367 -3442 -1275 -321 0
-2348 -4014 -3094 2828 0
6568 -6930 -3942 -2844 0
4522 -5082 -2432 -8587 0
-620 1283 -8089 9319 0
-3934 -6094 -8117 -3368 0
-8229 -6201 -7135 -2796 0
-1852 -8942 -1750 -3616 0
675 1467 1706 4886 0
2533 2666 -7071 3963 0
9823 -6269 -2144 -7631 0
979 2143 3411 4954 0
1940 1531 352 2978 0
5445 6753 -9439 2134 0
-5827 -90 -4494 -97 0
-4720 -7388 -1680 -2285 0
1664 329 -4378 -914 0
5502 150 -7468 4037 0
1210 -6054 -3949 2303 0
-1907 -25 718 8460 0
-3599 -6816 -5561 -2700 0
-4679 -2526 -7529 206 0
8790 6735 6688 7677 0
9670 7758 4160 4397 0
6792 1654 -3594 4192 0
-8384 1808 -7297 9979 0
-2223 -3072 -7146 4459 0
8846 -9411 -2870 358 0
5741 8092 -8813 -8283 0
-5559 5998 -7761 6751 0
448 8586 210 9829 0
413 8773 -7064 5759 0
1076 3617 -7657 -1412 0
-7937 583 -9375 -4094 0
731 -2601 259 -1398 0
-2876 -880 1681 8532 0
6193 8876 -782 9942 0
1526 -6900 3010 1694 0
7116 8580 -3699 2971 0
8678 5869 724 7053 0
4764 -4580 9444 9290 0
2227 -8309 2069 1565 0
3118 5268 -5958 316 0
-1412 -5467 -4452 812 0
9400 -3225 -741 -4934 0
-9789 1157 -6098 3941 0
2453 6804 -4137 4404 0
-3236 -8229 -7209 -6483 0
4529 3015 -4036 5566 0
9240 -3645 9348 4745 0
6001 2771 -473 1430 0
8026 -2469 4604 454 0
4471 988 -6669 2725 0
5656 6566 -5119 470 0
4864 -5028 2273 8358 0
-509 -4293 -6712 6036 0
-4111 4608 -4975 5032 0
-6543 7633 -5956 7569 0
440 367 6197 8318 0
1175 9051 480 8428 0
9409 5159 594 5874 0
-2102 7582 -3441 9481 0
758 3755 -9026 1282 0
3397 -3147 -542 -2640 0
-2719 -2335 -7841 495 0
4221 -9870 1504 -6944 0
3365 -4978 -6349 7486 0
-4121 1153 -5273 2308 0
4320 668 7767 7136 0
-917 -3165 -3644 -4810 0
-5743 4133 -5615 940 0
-8877 -7058 -5623 7462 0
5365 8508 -5321 -3150 0
1814 -5482 -823 1422 0
7336 5132 -3544 -2106 0
5824 -804 -5323 4129 0
2173 1433 2574 3481 0
-3589 -7860 -5254 -2201 0
-2136 -9316 -2101 2897 0
1202 9169 -8450 6591 0
4893 -5765 7143 1930 0
9161 -8031 1448 -6158 0
5830 -7800 9321 4124 0
6427 -6825 -5782 7652 0
72 5977 -7974 8792 0
4059 8366 -227 2847 0
5675 4349 -2827 -1197 0
4352 4928 -310 9175 0
9331 -4016 518 6711 0
3036 3560 8349 9559 0
3056 5644 -2768 39 0
-9439 -7930 -5155 6173 0
7735 -71 -5460 -6499 0
7760 2167 -5899 -9520 0
7621 -3397 -1196 -7877 0
5138 -716 -9607 -1286 0
6447 -9290 8537 3155 0
-6328 -6792 560 9840 0
8771 4660 -7001 6331 0
-3840 -4442 -8179 -6188 0
-2 -3429 -4694 7476 0
-1256 -5586 -631 8932 0
-3929 -2961 -8884 4071 0
3584 1626 1632 6766 0
-8055 1978 -7804 4630 0
548 -2868 -2821 -1555 0
5651 -9939 5472 230 0
2470 -8852 2536 4977 0
7541 -9203 -5681 -2410 0
6162 -6753 -299 4292 0
-1846 -2054 6112 8840 0
9489 4196 3118 8142 0
3952 -5831 -8012 -416 0
2735 4092 -6874 -3395 0
9603 -1106 5689 9511 0
677 -4985 8390 7626 0
-690 -5445 -7225 3315 0
2467 -9086 5694 9095 0
-2364 6692 -9077 2321 0
-7760 -7600 -8514 9160 0
7612 5421 1717 712 0
-2866 184 29 7574 0
5767 -1718 -2456 -5164 0
-2080 -4716 -7231 -1492 0
3065 -3361 -5486 -4593 0
8127 -7574 362 2651 0
-3085 -4811 -8732 4606 0
-2921 3131 -6309 185 0
1027 -7266 -7753 -7691 0
8224 5021 -9679 9693 0
-6405 -3701 -9491 -2024 0
86 -2981 7007 9873 0
-360 94 -1345 1451 0
-1294 -579 -8442 -9046 0
-9012 -3620 -5554 9537 0
-9154 4426 -9057 8334 0
-2548 5572 -4335 7437 0
-9476 -5506 497 8897 0
-3615 3055 -9740 7819 0
-834 1532 -1515 7787 0
6947 -8306 393 -5256 0
-7872 -8872 -5703 8199 0
3460 7889 2767 7836 0
-1100 9394 -8545 -2869 0
-4678 -2466 -7118 -3088 0
5743 -4603 -8275 3192 0
-735 -9513 -5053 -6758 0
6176 6785 2045 4179 0
9082 -1871 4519 -1485 0
3241 1661 2658 8558 0
-2501 2361 -6518 -4073 0
9656 1289 -7519 -9155 0
5084 -6391 -2325 4899 0
1507 6775 -7007 984 0
6033 2575 -9092 6426 0
-1652 -6054 -603 -1488 0
6859 -4065 -2826 -378 0
-8885 -8059 -9385 -865 0
4901 1203 -2216 -2581 0
1333 -8103 -9249 4434 0
-4124 -2398 -7335 2944 0
9833 2374 3453 3057 0
6757 3961 -1091 4506 0
5483 3742 -4691 4109 0
6508 -4366 -1244 3533 0
5772 -642 1381 4965 0
-1350 9265 -1730 6078 0
-2803 -5017 -6299 2595 0
-8102 -1105 -8319 7344 0
5478 -3188 1658 9514 0
4347 -6378 1104 436 0
4005 4136 4282 9238 0
5639 -2360 1747 7283 0
9309 -1062 3964 9551 0
9406 -8204 -5437 8225 0
5399 -4227 -7023 -9732 0
-7865 -9210 -3991 -871 0
6753 -1108 -1348 8246 0
2593 -6546 2953 5184 0
9781 -9130 2405 -8153 0
-483 1306 -9446 4389 0
395 9164 -9671 7454 0
347 2847 -8322 9130 0
4636 -6810 3879 3310 0
8687 5374 -376 9097 0
9517 -1601 -8855 2806 0
617 -4416 4852 2882 0
8921 8225 -5884 6494 0
-475 -4770 -1190 2722 0
-2632 -7380 -6451 -6837 0
-1734 3597 -5198 1365 0
6793 8518 -4384 682 0
7371 -7691 -8368 -9502 0
8858 -238 -6742 4765 0
-7145 -9978 -8441 -786 0
5029 2558 -6158 -2677 0
32 -5883 6703 6433 0
4121 -4910 -995 -6269 0
2230 -1730 -3084 765 0
3383 1239 4007 4418 0
-6332 -1797 -8262 7281 0
-3177 -2483 -2068 2326 0
1372 -1597 -9950 6128 0
6608 -5395 4016 5852 0
-2815 -6446 3964 3273 0
-5340 -6240 4406 6975 0
-2908 -4715 -2941 -1069 0
8576 -5106 -8983 -2747 0
8782 807 3448 1242 0
9286 -1567 3191 -960 0
-7771 3005 -4995 9236 0
-6760 3440 -4592 6149 0
-208 -398 -5450 -1772 0
-3089 -894 -8698 178 0
6464 8834 -345 6293 0
-201 -1343 -4767 -504 0
-1377 946 -5116 -1516 0
2570 -8703 -6960 9099 0
-3258 387 -8325 7135 0
615 -5765 -9658 1285 0
-4479 -791 -3136 4053 0
-520 -4594 -8560 -8725 0
-2492 933 3740 9264 0
8989 6757 -7085 1029 0
3259 -4123 -2284 6946 0
5904 -7633 3731 2951 0
-2851 -1622 -9948 -762 0
-6711 -258 -8233 5638 0
-5868 -8618 3083 8050 0
7393 8572 -9237 -2780 0
3309 -9414 -9861 7293 0
3622 -4240 -8250 2970 0
3580 -3745 -4784 -2722 0
959 -1803 -3714 6614 0
9525 -1618 2734 -1892 0
-416 -1553 -5178 -1284 0
1852 8953 -971 6394 0
9940 -2819 2711 -1422 0
-1561 -3044 -1437 2305 0
-8630 -8918 -4958 6288 0
4305 -125 2012 3294 0
1667 -3512 -609 -816 0
-1340 5838 -4997 9009 0
-7632 -1473 -7530 6176 0
-1189 1047 -9859 6234 0
9942 5924 -3656 4174 0
2832 -522 -6850 -7349 0
-4721 1049 1972 8627 0
4071 2518 -5966 2335 0
-1808 -5696 -6084 -1031 0
8252 -9571 -9839 2188 0
-645 -2967 -8216 218 0
-5148 -5824 -7792 -4875 0
9315 3699 -1204 -5716 0
-7609 -3664 -4735 9728 0
3657 -2902 2865 7730 0
6336 -2044 -3318 -7615 0
-5031 -1987 -3797 9993 0
8812 2196 -7415 1649 0
7311 -865 -4125 8578 0
5392 4207 8246 8865 0
8351 -2767 -5866 8151 0
9302 -6148 4271 4046 0
2050 -2662 4542 8424 0
-8285 -8402 2036 5184 0
9589 -3182 -5839 9957 0
-147 6129 -7978 2310 0
-3315 -8249 125 -189 0
-3093 4047 -9590 4965 0
-4474 6561 -8329 2524 0
-2217 6971 -9733 8344 0
-5580 4375 -4151 4814 0
-5203 -5295 -1754 6515 0
8675 -9664 -8798 335 0
-7084 7312 -4149 4947 0
7720 -7363 3428 -5403 0
7827 -8579 -5406 475 0
1754 4811 -3757 3117 0
5192 -7184 2922 1989 0
-9678 -657 -3067 9151 0
1668 2271 -9754 -6891 0
-196 -2815 813 893 0
-3058 -8658 -8330 -9390 0
6334 -8720 2641 -6368 0
6972 9119 4287 8581 0
-1349 -9659 -9809 -5034 0
9594 -1890 8250 8031 0
820 -3632 -5756 -5515 0
9923 -6183 -5831 -8904 0
9528 -882 -1053 1549 0
4678 1463 -419 5571 0
-3916 -1187 -9738 208 0
-9917 -1957 -5659 2847 0
826 1368 -7177 -6002 0
8227 -2438 -3293 767 0
6164 -7402 4945 4136 0
-2834 -7922 -7781 -1752 0
758 2847 2071 9058 0
4661 791 -9715 -2618 0
-34 3464 -5414 -3724 0
-886 6679 -8484 -4681 0
9008 160 -8133 -6354 0
5353 4122 -8211 -5383 0
2302 -7083 8545 4324 0
5951 -7946 9357 1853 0
-3314 -3789 -9391 1373 0
-2308 -9974 -2802 6726 0
7456 -8140 -4908 7981 0
-7042 -9190 -5337 7846 0
-5484 -6927 -1616 3521 0
1653 9459 -8609 7974 0
-7963 5017 -8760 305 0
9171 -9628 -6534 3894 0
-1951 5376 -7677 -3030 0
1169 -2960 -298 -637 0
5241 5241 8295 8781 0
6694 -3104 5167 2337 0
-7263 -8989 -7582 -141 0
4725 -3287 -324 3578 0
5173 -2747 -1917 6177 0
6171 1536 -6413 9438 0
-2954 3799 -7978 -4233 0
2666 3930 2241 7224 0
7811 5248 160 -138 0
5582 -5584 -9311 4785 0
4212 8964 1307 4278 0
1905 -2861 -1144 -3337 0
3613 -676 -925 4544 0
-7843 -6357 658 4672 0
-587 7003 -2564 6681 0
493 -1865 -4918 -4855 0
-7643 -7220 -4585 5360 0
9734 2436 -2794 -427 0
-699 -5091 -6062 4123 0
-769 -139 3720 8159 0
-1366 -1026 -4470 -597 0
-8832 -5782 -5688 2574 0
7807 8642 -9242 3775 0
7672 5201 -9203 6686 0
2751 -6519 -5920 8817 0
8662 -9459 2574 -7071 0
6361 -2961 1595 9185 0
460 -3797 -9725 -5834 0
5463 5428 -1789 4167 0
6878 -6703 3638 4829 0
6391 4568 2653 1931 0
-5329 -9988 -4260 109 0
4292 5421 -820 5647 0
-1010 9989 -5396 4423 0
-2871 -4916 2790 4494 0
2891 -7603 -7569 -9992 0
7970 -1757 -7985 -3171 0
4115 1067 -872 1647 0
1611 -6222 3853 4770 0
-8166 -5143 3361 9652 0
-3082 -3387 -7766 -4749 0
4924 6835 -9223 718 0
-349 170 -4975 4823 0
-1736 -6504 -2348 -1594 0
-2267 -4839 -4268 -2019 0
9397 5078 -6479 -9887 0
-1148 -6895 -7357 -158 0
-2397 2347 -245 7860 0
-5552 -127 -5434 -244 0
7491 -6051 -190 7144 0
-6795 -9005 2956 5623 0
2093 -4096 -3140 5638 0
7962 -3460 7006 7511 0
-3328 -1495 -5730 6977 0
2590 -3612 -70 125 0
2269 -2375 -9072 -1818 0
9550 -908 -7 -4057 0
8541 2768 6094 4914 0
-3535 4013 -5394 2407 0
2260 -9639 -6255 2677 0
-114 -1042 -8084 6765 0
5722 -941 -8288 6111 0
412 4036 4933 9066 0
8404 6800 -2785 -4411 0
6761 -8649 3139 -1594 0
-1545 -2144 -843 8697 0
-5345 3485 -8799 5307 0
2679 -6526 -362 3547 0
5184 -6479 7447 4001 0
3450 -9126 -1398 9687 0
6580 -9059 -5409 7822 0
7072 -7934 3953 1978 0
7362 -5572 -9409 -7118 0
5727 6889 -5138 -4272 0
1668 224 -1769 1810 0
2125 161 3328 3062 0
5595 4362 2071 688 0
3523 -5035 -5648 5657 0
-1794 -1714 3998 8928 0
5452 9833 -8409 -360 0
7382 6165 1294 6223 0
-5694 4643 -5249 5543 0
-1159 -2765 -9670 5723 0
1714 -7345 -1391 5923 0
2874 5053 -8504 3999 0
552 -5140 -3250 2494 0
5369 7071 4717 7235 0
5994 -519 -8789 4285 0
-7363 -2968 -9125 8859 0
-161 4151 1469 4475 0
630 -901 -6054 2183 0
-8886 -538 -3339 9259 0
-1545 950 -6382 3061 0
276 -5085 -3319 5900 0
-2624 1289 -8180 650 0
6137 9561 -820 7893 0
-6282 8722 -5683 3649 0
-7314 825 -5925 9104 0
8326 2268 3657 2929 0
4282 4439 3039 7847 0
9931 -5629 4983 9806 0
5667 2685 -6526 881 0
713 1074 -8650 -4697 0
3824 4390 -9432 4135 0
2950 -8136 -9098 -5530 0
8629 8551 -5413 8155 0
-3499 -8995 -3034 6046 0
8327 5007 1923 5391 0
4028 7402 -9983 3764 0
7230 616 -6436 6819 0
7075 5329 8603 7937 0
2040 -1745 -6031 -7013 0
3824 6598 4391 6375 0
5991 572 -2430 -6621 0
5570 -5979 -2427 -5257 0
5063 -7523 -4504 -853 0
5514 1960 -3876 -2363 0
-1948 -9637 -36 5406 0
36 -7638 -1587 -4476 0
4896 3046 -6935 1711 0
-751 2672 -5129 1040 0
1238 -1788 -9895 -5300 0
9779 -5096 -3348 -4161 0
4418 506 -8303 4637 0
6449 1719 -597 8961 0
-2029 -6274 4818 6110 0
25 -5055 -1269 3756 0
-1312 -6238 -9402 -9860 0
724 -4787 -8612 -8866 0
1069 9242 -7070 -3460 0
-4260 1512 -7074 2128 0
-5267 1798 -3647 5129 0
2410 4686 1362 9239 0
-2268 -7111 232 7127 0
2118 -7342 -6000 9238 0
9576 1809 -1828 8230 0
-707 148 -5918 -4514 0
9594 -8520 3187 -1290 0
550 -6479 -5655 -3313 0
2236 5414 636 8488 0
-887 -1563 -4886 -691 0
246 -3562 -6017 3619 0
-3086 3778 -5640 6775 0
2646 -5437 2908 1329 0
-1723 8265 -9709 7316 0
7172 -1463 -9207 2492 0
7100 2885 -5259 -4412 0
5649 3239 -8241 5985 0
-2746 3143 -8479 -1929 0
-3840 8609 -5163 8586 0
1109 -3859 -6439 -3175 0
3784 -8276 6802 895 0
7598 1844 1445 4310 0
-2625 5336 -5795 1694 0
2084 -6972 5174 6891 0
5002 5300 -5112 -1360 0
4441 7026 -9620 -5256 0
-2121 -6756 -2617 -1065 0
-96 6683 -1471 5017 0
-7308 -8254 -6607 8249 0
-1169 147 -3037 3993 0
8259 9184 -3445 -1945 0
-859 -6990 3669 2853 0
6581 -570 -419 9822 0
5916 -6974 3532 -2644 0
-3449 5782 -6023 6865 0
4504 -7026 -3684 -8917 0
4461 -5649 -7195 5432 0
-7886 -8362 -5273 6194 0
9733 4760 94 744 0
2476 -1736 -9851 -6548 0
-101 -2789 8578 8944 0
9258 -7048 -2020 -7949 0
3736 7266 4642 8128 0
193 6531 -8932 -5290 0
7946 -6182 -3237 -1224 0
7761 -9537 6281 9306 0
4840 -5280 -5164 361 0
3115 4468 -1064 9848 0
8856 -7251 -9283 -2931 0
7996 -2697 -1921 9976 0
-7282 -9041 -2350 864 0
-7984 -158 -1789 9217 0
-4026 -9450 -1319 1990 0
3702 9225 -3351 3610 0
8694 2436 -8586 -4394 0
9142 -9952 -3190 -6712 0
-8119 -459 -5171 7933 0
2880 1808 -3970 9312 0
-564 -1247 1461 4501 0
-2058 8760 -8575 -2503 0
-2864 -1191 -2154 4099 0
-826 -2295 1788 6062 0
3465 -3383 5025 6828 0
7356 341 -8474 -2380 0
-2704 7687 -4915 3874 0
-5961 7826 -7593 3654 0
3954 6797 2483 9692 0
5012 -6899 -3360 -8069 0
250 -4239 3819 7783 0
-1925 -3763 -7538 -2562 0
6135 -1612 -8899 2910 0
-3304 -8212 -647 -2386 0
-5052 -5314 1035 7706 0
437 -7732 -3221 2659 0
-5456 2454 -6337 2656 0
6960 9268 -1968 5297 0
5825 7810 -7318 -4697 0
-9809 1564 -8158 8517 0
5059 -5526 6382 2574 0
7291 3674 -8424 -4913 0
-3697 -9667 80 3725 0
-7658 -3955 -9215 2344 0
-516 6725 -5136 -655 0
-5485 -4405 -223 6667 0
6661 -3630 -8292 -3254 0
9854 2329 740 1680 0
-4847 6170 -4952 1552 0
129 -4075 -8682 5796 0
5108 1679 1301 1380 0
6890 7689 -2866 7817 0
-2138 -1574 -185 7533 0
3929 2692 -3870 -635 0
8372 2378 -3755 9383 0
3083 -9157 -2024 5865 0
-4847 -5542 -8265 1856 0
5304 4068 -2041 3297 0
-4237 -6600 -2045 -664 0
-25 -2458 -9178 -6543 0
-3265 4074 -646 6247 0
-812 47 -6405 5281 0
-267 -3555 -1638 5223 0
5339 691 -4644 9703 0
-2480 5736 -4660 3980 0
7889 3048 -6412 235 0
-7007 5043 -4672 9307 0
-4098 4000 -2704 6273 0
-3475 -8358 8734 9051 0
8196 9770 -2599 9400 0
-3849 -4716 -9838 3956 0
-8963 -1942 -7967 2875 0
9690 -5620 2479 7150 0
5326 -2301 3229 8406 0
2321 -9375 1280 6865 0
-391 -2405 3055 6268 0
3246 2099 -8367 -7977 0
3359 9860 4036 9246 0
910 -8670 -7405 -5817 0
-4840 4547 -3475 3387 0
2205 -5685 197 9451 0
-3991 5078 -9191 8813 0
-4159 -6007 -8963 -5383 0
8993 -7328 8514 1242 0
-2215 -6199 -3263 -4130 0
2876 3278 -5779 8505 0
-2426 8421 -3228 5986 0
9257 -4975 -6178 2556 0
4580 1763 -9312 9728 0
5775 5990 -8079 -1833 0
9990 -696 -4317 6598 0
9954 5365 -7764 419 0
-5751 7847 -8055 336 0
5640 -8426 7196 7493 0
-4196 8794 -9857 8909 0
-4935 5944 -5978 1400 0
7705 -4206 6388 121 0
8726 560 7611 4463 0
8870 9037 -549 4410 0
5128 9315 -5102 -40 0
9084 -1166 -7460 -624 0
-2733 -2005 2798 7712 0
9141 -7610 3180 -5858 0
-1683 -8618 -1691 -2295 0
1105 -7359 -1530 2499 0
-6580 -5692 -2078 5931 0
4238 -3488 2913 8537 0
8705 -1464 -5805 -5632 0
2376 -8188 -9413 -8242 0
4444 -9872 1337 6876 0
4596 702 -3916 -3149 0
4443 -2979 -3442 2755 0
-4705 -162 -7137 9917 0
7929 -7695 7338 5715 0
-6867 6373 -6066 4744 0
641 7098 2366 9065 0
-2653 7070 -6859 4770 0
-2508 -6331 -7138 5604 0
-2002 4132 -4995 6436 0
8544 4705 -7774 5591 0
8215 -7774 -5993 2591 0
3112 -8609 -1433 3056 0
6348 3243 -3134 -6484 0
5136 -3564 3247 3312 0
4244 -9157 -800 -9282 0
9515 -4229 -3805 6528 0
2330 -698 -7404 7950 0
-8615 3541 -5210 5303 0
-4790 -264 -8698 -146 0
9175 -409 -8972 7153 0
730 -368 -8956 5977 0
-1978 -5468 -7017 -8666 0
5533 -9296 2617 8929 0
7826 2431 -2314 7217 0
-5336 8025 -6573 3671 0
8126 2641 -2668 8252 0
364 3438 2729 8286 0
-2139 -1348 -7689 6687 0
-1856 -22 -8641 3906 0
4638 6147 -8261 -4312 0
56 -883 -4811 1722 0
7383 2080 -6960 4066 0
-2062 1905 -6905 1547 0
-2041 -7836 2011 7508 0
6987 -9590 2619 -6854 0
5144 -6425 -2904 2228 0
2272 -5052 -6037 -5626 0
9743 -2866 -9792 9502 0
2328 -266 -5108 1118 0
2185 2409 -6454 -3637 0
1118 -9732 3845 4626 0
-3671 -4579 -9274 6417 0
7058 7111 -9388 8738 0
5920 6559 -2472 -2143 0
-8156 2176 -4462 7972 0
-6645 7875 -8651 804 0
9623 -9237 7493 -1880 0
-3293 3085 -6759 4417 0
8544 -3279 5658 8317 0
-5151 4819 -8640 2464 0
-1847 -4851 -918 9285 0
4785 5305 -8135 -6640 0
9503 2313 7679 6584 0
6012 2628 -1381 -1260 0
-3701 3888 -6370 691 0
390 1009 -5582 -1508 0
5111 -3724 2573 5379 0
-6937 4494 -6009 8294 0
-3872 -1576 144 3446 0
-356 -215 -3466 1702 0
-5731 9566 -2954 7676 0
8487 -7768 1050 -8292 0
4612 -1785 -8081 -8116 0
9795 -1945 -8798 1607 0
-3855 9983 -8578 6556 0
6931 -9622 3388 6192 0
-2121 -6463 651 3970 0
-11 1598 -8991 5059 0
1192 2655 4346 6348 0
5515 1642 -4636 4327 0
8636 -8427 -8981 2585 0
1473 1534 -8600 4008 0
9395 19 4267 -390 0
6545 -4729 -4470 6849 0
8564 -5603 -9586 8686 0
4385 -6852 -9752 4297 0
-6123 8409 -6114 5856 0
8338 -8188 -6536 5205 0
4339 -5899 178 5015 0
-8433 -5847 -557 7416 0
3858 1664 8337 9205 0
5138 5311 -2071 -3154 0
9309 7616 -3694 -5672 0
-7963 -921 -9548 4476 0
4697 -4250 -3170 -520 0
7878 -81 -5237 -7215 0
8263 -2396 3585 758 0
3976 9354 -9853 6969 0
1935 3138 -2610 8455 0
6453 -553 -9227 -386 0
7229 -7971 -623 -8199 0
1426 -1966 -805 6062 0
-1338 -7784 -2484 3379 0
2473 5399 -4686 3531 0
5017 4237 -2737 4962 0
6822 -7316 6637 2929 0
2449 -3817 -3417 -5635 0
1551 -6926 -1694 -2103 0
476 151 -9419 -1638 0
4241 4912 -1301 1168 0
-7272 -9593 -1195 3948 0
2620 -9839 -2257 7862 0
-4259 -2724 -6072 -3710 0
-8874 -6720 -8817 -3851 0
1584 -7937 2338 8728 0
9570 -2891 434 2817 0
-2518 -2784 -6087 2383 0
7707 -2111 -1 7024 0
574 -4532 -5125 7588 0
-6716 -5026 -2709 -87 0
4242 3826 -1363 6509 0
1986 126 4503 4658 0
6421 -4060 -7612 -6305 0
8791 -5086 -7630 -41 0
-2433 -2924 -5723 8162 0
9025 3300 -5668 9069 0
2190 -9039 6262 4811 0
2534 -1288 -8018 -8753 0
7194 -8755 -3960 -2717 0
-756 7263 -6109 8880 0
-8 -3948 -8829 9437 0
-5653 -2446 -2549 1020 0
9389 4429 1418 8559 0
8311 -4422 -9626 6073 0
8065 -4508 1884 8909 0
6369 5471 1292 3379 0
-6795 -7521 -6764 -2502 0
645 -3238 -8766 9762 0
9253 -8045 9434 1537 0
8993 2287 -7601 -6611 0
768 -4116 1404 2728 0
5297 -4794 -4257 3743 0
5465 -3800 -9133 6393 0
9583 -9138 -7069 -3749 0
4840 -1562 -8005 3059 0
-1166 3819 -2237 4809 0
-2868 -8993 -4260 3496 0
-3723 3778 -6958 2491 0
1924 1861 -7170 6950 0
-9083 -3852 -1940 3936 0
-3137 1221 -7465 4132 0
-1720 -2019 -8100 194 0
38 -7632 4498 5666 0
7476 -9024 -3494 -3089 0
745 9574 -6995 9096 0
8671 1209 2410 4352 0
-3945 -8917 -7217 6134 0
-8037 2868 -4929 9010 0
2896 8320 -3668 7068 0
-1231 -5221 -3255 5258 0
-479 4886 -8529 -4909 0
6489 -3746 -3181 -4714 0
-2998 -5856 -9380 2317 0
930 -5042 557 576 0
7425 1126 -8074 610 0
4853 -4681 -6955 -9511 0
2776 7264 3490 9932 0
8097 -9906 -386 3778 0
-7918 973 1315 9190 0
-5685 -3289 -9571 -4739 0
4631 -8256 8574 3482 0
-6423 8066 -8928 7342 0
7979 -9718 -5383 -2600 0
-9904 7426 -8972 6719 0
9401 -2297 9572 4268 0
4740 -1546 1835 -1901 0
3913 -7553 2185 7322 0
7479 -4304 -8026 7709 0